 ; This file contain pc constants of interest to IDL
 impossible=  3.9084999E+37
k_B=    1.0758691967380483D-65
m_H=    3.4032886127713551D-65
 lnrho0=  0.0000000E+00
 lnTTO= -4.7683727E-07
 cs20=   1.000000    
 cp=   1.500000    
mu0=    9.9999994039535522D-01
unit_Lambda=    1.8102235744645939D+17
unit_Gamma=    3.0298139108708710D-07
