 &MYLIST
 NT      =     1440000,
 N       =          32,
 M       =          32,
 L       =          32,
 LXYZ    =           0,
 DX00    =   1.00000000000000     ,
 DY00    =   1.00000000000000     ,
 DZ00    =   8700187.50000000     ,
 DT00    =   5000.00000000000     ,
 NSLICE  =           0,
 NOUTP   =         360,
 NPLOT   =        5000,
 NSTORE  =     1440000,
 NXAVER  =        7200
 /
