 ; This file contain pc constants of interest to IDL
 impossible=   3.90849994E+37
k_B=    1.6605388377721314D-24
m_H=    1.6735325181880000D-24
 lnrho0=   0.00000000    
 lnTTO=   0.00000000    
 cs20=   1.00000000    
 cp=   1.00000000    
mu0=    9.9999994039535522D-01
